{
  "frames": [
    {
      "file_path": "./colmap_output\\images/t90_1_12_17.jpg",
      "sharpness": null,
      "transform_matrix": [
        [
          0.17606817174611306,
          0.7091513905168552,
          -0.682718319880636,
          -1.7019282782962017
        ],
        [
          -0.9832023309958722,
          0.09280287234363067,
          -0.15716489181214682,
          -0.3314415912478163
        ],
        [
          -0.04809548048247424,
          0.6989219786842682,
          0.713578932251468,
          1.7956944344443357
        ],
        [
          0.0,
          0.0,
          0.0,
          1.0
        ]
      ],
      "w": 640.0,
      "h": 480.0,
      "fl_x": 617.7549805355728,
      "fl_y": 599.2651912781159,
      "k1": -0.7374142391370916,
      "k2": 0.44496138957909176,
      "k3": 0,
      "k4": 0,
      "p1": 0.1144703743570913,
      "p2": -0.008115803812240726,
      "cx": 320.0,
      "cy": 240.0,
      "is_fisheye": false,
      "camera_angle_x": 0.9558948460916796,
      "camera_angle_y": 0.7618582545458477,
      "fovx": 54.76874033936064,
      "fovy": 43.651262572680636
    },
    {
      "file_path": "./colmap_output\\images/t90_1_12_18.jpg",
      "sharpness": null,
      "transform_matrix": [
        [
          0.3091991855264734,
          0.6805127738638049,
          -0.664302813747317,
          -1.5924860296694763
        ],
        [
          -0.9494575686626722,
          0.18116424195483852,
          -0.2563393117634614,
          -0.5531460977838386
        ],
        [
          -0.05409426041749279,
          0.7099872408119791,
          0.7021338397755768,
          1.692883414619572
        ],
        [
          0.0,
          0.0,
          0.0,
          1.0
        ]
      ],
      "w": 640.0,
      "h": 480.0,
      "fl_x": 592.5251287961493,
      "fl_y": 570.4247232512578,
      "k1": -0.6099873471461043,
      "k2": 0.2295213142928864,
      "k3": 0,
      "k4": 0,
      "p1": 0.10042001754221246,
      "p2": -0.023174757997979755,
      "cx": 320.0,
      "cy": 240.0,
      "is_fisheye": false,
      "camera_angle_x": 0.9903617294819257,
      "camera_angle_y": 0.7965122424292836,
      "fovx": 56.7435472905913,
      "fovy": 45.63678982169902
    },
    {
      "file_path": "./colmap_output\\images/t90_1_12_23.jpg",
      "sharpness": null,
      "transform_matrix": [
        [
          0.9162757655944549,
          0.25483157848259425,
          -0.30903007631460844,
          -0.9792164590514062
        ],
        [
          -0.40024572215719945,
          0.5525322471027653,
          -0.7311029187574759,
          -2.1486173630578294
        ],
        [
          -0.01555902833174969,
          0.7935798526756818,
          0.6082671568879359,
          1.8380801242178475
        ],
        [
          0.0,
          0.0,
          0.0,
          1.0
        ]
      ],
      "w": 640.0,
      "h": 480.0,
      "fl_x": 782.7097629790138,
      "fl_y": 711.207307212593,
      "k1": -0.5990198691167798,
      "k2": 1.0209353476637217,
      "k3": 0,
      "k4": 0,
      "p1": 0.03653898783285039,
      "p2": -0.13614092840093842,
      "cx": 320.0,
      "cy": 240.0,
      "is_fisheye": false,
      "camera_angle_x": 0.7762008243214442,
      "camera_angle_y": 0.6509097466134046,
      "fovx": 44.473031288194214,
      "fovy": 37.29438132487792
    },
    {
      "file_path": "./colmap_output\\images/t90_1_12_24.jpg",
      "sharpness": null,
      "transform_matrix": [
        [
          0.9759952152615562,
          0.13207869040241202,
          -0.17317205144820602,
          -0.5824166396918965
        ],
        [
          -0.21775772669239007,
          0.5776953588928153,
          -0.7866699719632962,
          -2.3080481573855596
        ],
        [
          -0.0038616492642378746,
          0.8054956808761388,
          0.5925890615247328,
          1.7803762699600347
        ],
        [
          0.0,
          0.0,
          0.0,
          1.0
        ]
      ],
      "w": 640.0,
      "h": 480.0,
      "fl_x": 784.3004586097325,
      "fl_y": 688.7443754108406,
      "k1": 0.05651348692226234,
      "k2": 6.481323523482804e-06,
      "k3": 0,
      "k4": 0,
      "p1": 0.006470007236462648,
      "p2": -0.20710470310287726,
      "cx": 320.0,
      "cy": 240.0,
      "is_fisheye": false,
      "camera_angle_x": 0.7747795287893096,
      "camera_angle_y": 0.6706047964641739,
      "fovx": 44.3915970527621,
      "fovy": 38.42282455862676
    },
    {
      "file_path": "./colmap_output\\images/t90_1_12_16.jpg",
      "sharpness": null,
      "transform_matrix": [
        [
          0.12356019281962884,
          0.7160342128188382,
          -0.6870428552120534,
          -1.7220677124411545
        ],
        [
          -0.9909748860880113,
          0.05276975944156314,
          -0.1232238923285651,
          -0.24613660142810906
        ],
        [
          -0.051977436548372564,
          0.6960677830774498,
          0.7160921641349121,
          1.8164840231581547
        ],
        [
          0.0,
          0.0,
          0.0,
          1.0
        ]
      ],
      "w": 640.0,
      "h": 480.0,
      "fl_x": 621.3447505907743,
      "fl_y": 603.8929603559283,
      "k1": -0.709072702590963,
      "k2": 0.21268014439929023,
      "k3": 0,
      "k4": 0,
      "p1": 0.11805551433537939,
      "p2": -0.007032439601308501,
      "cx": 320.0,
      "cy": 240.0,
      "is_fisheye": false,
      "camera_angle_x": 0.9511699074535062,
      "camera_angle_y": 0.7565629835850445,
      "fovx": 54.498021296935015,
      "fovy": 43.347865895248425
    },
    {
      "file_path": "./colmap_output\\images/t90_1_12_20.jpg",
      "sharpness": null,
      "transform_matrix": [
        [
          0.5897380403175853,
          0.5607185222410198,
          -0.5812088976373887,
          -1.6271402903250969
        ],
        [
          -0.8060627041117147,
          0.364376136222206,
          -0.4663613924856515,
          -1.2279138177103524
        ],
        [
          -0.04971881836573943,
          0.7435218693676512,
          0.6668607567972985,
          1.8504492545672477
        ],
        [
          0.0,
          0.0,
          0.0,
          1.0
        ]
      ],
      "w": 640.0,
      "h": 480.0,
      "fl_x": 708.6599206842683,
      "fl_y": 660.5259724500215,
      "k1": -0.5841267067081357,
      "k2": 0.624866735051312,
      "k3": 0,
      "k4": 0,
      "p1": 0.08559285368667602,
      "p2": -0.09783319919588156,
      "cx": 320.0,
      "cy": 240.0,
      "is_fisheye": false,
      "camera_angle_x": 0.8482951324933423,
      "camera_angle_y": 0.6970304718976964,
      "fovx": 48.603730873359495,
      "fovy": 39.93690423175014
    },
    {
      "file_path": "./colmap_output\\images/t90_1_12_27.jpg",
      "sharpness": null,
      "transform_matrix": [
        [
          0.9698213577856334,
          -0.19570188987717788,
          0.1454211276121161,
          0.5522858299952621
        ],
        [
          0.2329647814534229,
          0.567831124970588,
          -0.7894904838731527,
          -3.321314781785005
        ],
        [
          0.07193013724754438,
          0.7995427342415647,
          0.596286400617178,
          2.502953122394131
        ],
        [
          0.0,
          0.0,
          0.0,
          1.0
        ]
      ],
      "w": 640.0,
      "h": 480.0,
      "fl_x": 1111.9926812986805,
      "fl_y": 979.9826134778583,
      "k1": -1.930438348383597,
      "k2": -1.2944594853316835,
      "k3": 0,
      "k4": 0,
      "p1": 0.11856996286275838,
      "p2": -0.1676145592314497,
      "cx": 320.0,
      "cy": 240.0,
      "is_fisheye": false,
      "camera_angle_x": 0.5604014821849365,
      "camera_angle_y": 0.48035021382478016,
      "fovx": 32.10863976207265,
      "fovy": 27.52203994036655
    },
    {
      "file_path": "./colmap_output\\images/t90_1_12_25.jpg",
      "sharpness": null,
      "transform_matrix": [
        [
          0.9970703654300439,
          0.021174666136894796,
          -0.0735004759837479,
          -0.2998254915267435
        ],
        [
          -0.0720678206787989,
          0.5820488826026622,
          -0.8099539045481973,
          -2.5917452397849585
        ],
        [
          0.025630366402021904,
          0.8128780547123652,
          0.5818697041168727,
          1.8904771111933352
        ],
        [
          0.0,
          0.0,
          0.0,
          1.0
        ]
      ],
      "w": 640.0,
      "h": 480.0,
      "fl_x": 843.2452934594743,
      "fl_y": 753.4720880854117,
      "k1": -0.6694086186651425,
      "k2": 0.23405628070248186,
      "k3": 0,
      "k4": 0,
      "p1": 0.03048195038257326,
      "p2": -0.14717627525712088,
      "cx": 320.0,
      "cy": 240.0,
      "is_fisheye": false,
      "camera_angle_x": 0.7253960282901227,
      "camera_angle_y": 0.6167294953097805,
      "fovx": 41.5621308965765,
      "fovy": 35.33599718248372
    },
    {
      "file_path": "./colmap_output\\images/t90_1_12_26.jpg",
      "sharpness": null,
      "transform_matrix": [
        [
          0.9956485716381784,
          -0.08333721027315005,
          0.041699295598270035,
          0.08931195187939908
        ],
        [
          0.08313904365765869,
          0.5922644257268442,
          -0.8014429171484458,
          -2.9081772409317166
        ],
        [
          0.0420930075476035,
          0.8014223352656233,
          0.5966158054702456,
          2.1721612260363785
        ],
        [
          0.0,
          0.0,
          0.0,
          1.0
        ]
      ],
      "w": 640.0,
      "h": 480.0,
      "fl_x": 958.3323915417247,
      "fl_y": 851.7805112585202,
      "k1": -2.2134521710367223,
      "k2": 11.176921971955917,
      "k3": 0,
      "k4": 0,
      "p1": 0.08846896438815517,
      "p2": -0.12893028212340535,
      "cx": 320.0,
      "cy": 240.0,
      "is_fisheye": false,
      "camera_angle_x": 0.6445449959804699,
      "camera_angle_y": 0.5492850609130536,
      "fovx": 36.929707975957534,
      "fovy": 31.47171573990431
    },
    {
      "file_path": "./colmap_output\\images/t90_1_12_19.jpg",
      "sharpness": null,
      "transform_matrix": [
        [
          0.44474368194344205,
          0.6235575825796466,
          -0.6429455643003266,
          -1.5967150772160497
        ],
        [
          -0.8942659036463979,
          0.2691436481570714,
          -0.35756144960197206,
          -0.8245100702433927
        ],
        [
          -0.049915438395282924,
          0.7339874916714906,
          0.6773262221142172,
          1.6861171332080382
        ],
        [
          0.0,
          0.0,
          0.0,
          1.0
        ]
      ],
      "w": 640.0,
      "h": 480.0,
      "fl_x": 618.5676518471948,
      "fl_y": 588.9847010487158,
      "k1": -0.6388162200678186,
      "k2": 0.44210057863705754,
      "k3": 0,
      "k4": 0,
      "p1": 0.08288127329350524,
      "p2": -0.04386167528998864,
      "cx": 320.0,
      "cy": 240.0,
      "is_fisheye": false,
      "camera_angle_x": 0.9548213999940254,
      "camera_angle_y": 0.773877446839767,
      "fovx": 54.70723640843026,
      "fovy": 44.339911564278374
    },
    {
      "file_path": "./colmap_output\\images/t90_1_12_21.jpg",
      "sharpness": null,
      "transform_matrix": [
        [
          0.7135809961217799,
          0.46918358196786064,
          -0.5202585207954825,
          -1.4997972404993452
        ],
        [
          -0.6994320293730827,
          0.4347563845103541,
          -0.5672580739168074,
          -1.5452263152914687
        ],
        [
          -0.03996246150872829,
          0.7686700544423004,
          0.6383959188135149,
          1.8168802878723813
        ],
        [
          0.0,
          0.0,
          0.0,
          1.0
        ]
      ],
      "w": 640.0,
      "h": 480.0,
      "fl_x": 723.6961559223527,
      "fl_y": 675.500494316714,
      "k1": -0.6518285971832549,
      "k2": 0.6769338147106685,
      "k3": 0,
      "k4": 0,
      "p1": 0.06513596278211856,
      "p2": -0.09744964214977815,
      "cx": 320.0,
      "cy": 240.0,
      "is_fisheye": false,
      "camera_angle_x": 0.8326544586050995,
      "camera_angle_y": 0.6827631957552782,
      "fovx": 47.707586270822716,
      "fovy": 39.11944952364188
    },
    {
      "file_path": "./colmap_output\\images/t90_1_12_22.jpg",
      "sharpness": null,
      "transform_matrix": [
        [
          0.8285953628794689,
          0.36264170445367855,
          -0.42652165112713863,
          -1.3039571079755437
        ],
        [
          -0.5594574936280999,
          0.5079000524081669,
          -0.6550151521884175,
          -1.889943687255603
        ],
        [
          -0.020905442271901536,
          0.7813632516368199,
          0.6237262472903233,
          1.8622029696304865
        ],
        [
          0.0,
          0.0,
          0.0,
          1.0
        ]
      ],
      "w": 640.0,
      "h": 480.0,
      "fl_x": 766.1118861672205,
      "fl_y": 706.129689590051,
      "k1": -0.27522412086584763,
      "k2": -0.38897480582294525,
      "k3": 0,
      "k4": 0,
      "p1": 0.03571424671014508,
      "p2": -0.1397985193524549,
      "cx": 320.0,
      "cy": 240.0,
      "is_fisheye": false,
      "camera_angle_x": 0.7913315708303036,
      "camera_angle_y": 0.6552635026032044,
      "fovx": 45.33995920403416,
      "fovy": 37.54383316812324
    },
    {
      "file_path": "./colmap_output\\images/t90_1_12_29.jpg",
      "sharpness": null,
      "transform_matrix": [
        [
          0.8335530869066381,
          -0.42048024046310817,
          0.35830938972227494,
          1.9777684602096466
        ],
        [
          0.5367309043934299,
          0.46283606853600817,
          -0.7054804816154817,
          -4.011150367214831
        ],
        [
          0.13080209329311307,
          0.7803711560012613,
          0.6114831734032528,
          3.4411015748215052
        ],
        [
          0.0,
          0.0,
          0.0,
          1.0
        ]
      ],
      "w": 640.0,
      "h": 480.0,
      "fl_x": 1510.52233480649,
      "fl_y": 1314.6556612694574,
      "k1": -4.37061888510043,
      "k2": 13.683644657052435,
      "k3": 0,
      "k4": 0,
      "p1": 0.16924693083753126,
      "p2": -0.12855777216545158,
      "cx": 320.0,
      "cy": 240.0,
      "is_fisheye": false,
      "camera_angle_x": 0.4175215213303626,
      "camera_angle_y": 0.3611377637614784,
      "fovx": 23.922221028111153,
      "fovy": 20.691669686325277
    },
    {
      "file_path": "./colmap_output\\images/t90_1_12_30.jpg",
      "sharpness": null,
      "transform_matrix": [
        [
          0.7176087946384915,
          -0.5176338121083788,
          0.4659322423853998,
          3.162740637051357
        ],
        [
          0.6786539053747732,
          0.3694801399676273,
          -0.6347545217628157,
          -4.397715727611235
        ],
        [
          0.15641769272112913,
          0.7717121631884234,
          0.6164364060264128,
          4.222624091019685
        ],
        [
          0.0,
          0.0,
          0.0,
          1.0
        ]
      ],
      "w": 640.0,
      "h": 480.0,
      "fl_x": 1844.8524500589447,
      "fl_y": 1601.4017510915933,
      "k1": -5.963584540356417,
      "k2": 19.71786169890828,
      "k3": 0,
      "k4": 0,
      "p1": 0.23419295106456958,
      "p2": -0.10955691124682944,
      "cx": 320.0,
      "cy": 240.0,
      "is_fisheye": false,
      "camera_angle_x": 0.3434935445950774,
      "camera_angle_y": 0.2975230704507993,
      "fovx": 19.680730395286666,
      "fovy": 17.046816244604255
    },
    {
      "file_path": "./colmap_output\\images/t90_1_12_34.jpg",
      "sharpness": null,
      "transform_matrix": [
        [
          -0.0037534376279383212,
          -0.6520187240968367,
          0.7581935737051285,
          3.7281393077629104
        ],
        [
          0.981980279666432,
          -0.1456630094576582,
          -0.12040356319994766,
          -0.6559570487032838
        ],
        [
          0.1889461353516885,
          0.7440792102836011,
          0.640816266057059,
          3.1436213147481658
        ],
        [
          0.0,
          0.0,
          0.0,
          1.0
        ]
      ],
      "w": 640.0,
      "h": 480.0,
      "fl_x": 1240.826572451437,
      "fl_y": 1111.5920197543549,
      "k1": -0.3672598761113731,
      "k2": -12.56016777257448,
      "k3": 0,
      "k4": 0,
      "p1": 0.10554471691111664,
      "p2": 0.16723445517414268,
      "cx": 320.0,
      "cy": 240.0,
      "is_fisheye": false,
      "camera_angle_x": 0.5047861881670737,
      "camera_angle_y": 0.42528499269179565,
      "fovx": 28.922118138469937,
      "fovy": 24.367035171491953
    },
    {
      "file_path": "./colmap_output\\images/t90_1_12_28.jpg",
      "sharpness": null,
      "transform_matrix": [
        [
          0.9106599469519724,
          -0.3219838024096001,
          0.258891660889133,
          1.2832129788806588
        ],
        [
          0.3997507926265113,
          0.5283452286074275,
          -0.749033125576907,
          -3.8831836550148067
        ],
        [
          0.10439236014697464,
          0.7856066130479614,
          0.6098561180821036,
          3.1352458597267003
        ],
        [
          0.0,
          0.0,
          0.0,
          1.0
        ]
      ],
      "w": 640.0,
      "h": 480.0,
      "fl_x": 1380.9054419778047,
      "fl_y": 1205.755649218707,
      "k1": -3.7545107855482938,
      "k2": 10.627936656564033,
      "k3": 0,
      "k4": 0,
      "p1": 0.16264983263879018,
      "p2": -0.15263463165940055,
      "cx": 320.0,
      "cy": 240.0,
      "is_fisheye": false,
      "camera_angle_x": 0.4554255174669685,
      "camera_angle_y": 0.3929548296363908,
      "fovx": 26.09396003341885,
      "fovy": 22.514653277447472
    },
    {
      "file_path": "./colmap_output\\images/t90_1_12_31.jpg",
      "sharpness": null,
      "transform_matrix": [
        [
          0.5838899785331955,
          -0.5884353115352825,
          0.5592998991431407,
          3.6644769722807475
        ],
        [
          0.792005426530884,
          0.26155104523205064,
          -0.551650664001163,
          -3.686059450914697
        ],
        [
          0.17832525711110087,
          0.7650718495410055,
          0.6187609940842121,
          4.073433438973941
        ],
        [
          0.0,
          0.0,
          0.0,
          1.0
        ]
      ],
      "w": 640.0,
      "h": 480.0,
      "fl_x": 1760.2298704322861,
      "fl_y": 1532.064044430285,
      "k1": -5.209540040612388,
      "k2": 8.602248798110509,
      "k3": 0,
      "k4": 0,
      "p1": 0.22744697066893388,
      "p2": -0.019813471258979146,
      "cx": 320.0,
      "cy": 240.0,
      "is_fisheye": false,
      "camera_angle_x": 0.35966103131021837,
      "camera_angle_y": 0.3107771320570491,
      "fovx": 20.607059149398072,
      "fovy": 17.80621803604875
    },
    {
      "file_path": "./colmap_output\\images/t90_1_12_32.jpg",
      "sharpness": null,
      "transform_matrix": [
        [
          0.4409305860627107,
          -0.6339300122536914,
          0.6353841026600185,
          4.271170213906539
        ],
        [
          0.8754490605932105,
          0.14766328517696686,
          -0.46020049600851237,
          -3.1539220230005127
        ],
        [
          0.19791200212583357,
          0.7591628902009567,
          0.6200826925823618,
          4.176815660807008
        ],
        [
          0.0,
          0.0,
          0.0,
          1.0
        ]
      ],
      "w": 640.0,
      "h": 480.0,
      "fl_x": 1795.1304234384968,
      "fl_y": 1569.8054623902472,
      "k1": -4.348823479727748,
      "k2": -11.235655799069088,
      "k3": 0,
      "k4": 0,
      "p1": 0.17742249629057086,
      "p2": 0.03876625776219409,
      "cx": 320.0,
      "cy": 240.0,
      "is_fisheye": false,
      "camera_angle_x": 0.35281412499736053,
      "camera_angle_y": 0.3034208881503987,
      "fovx": 20.214760314949835,
      "fovy": 17.384736307128858
    },
    {
      "file_path": "./colmap_output\\images/t90_1_13_10.jpg",
      "sharpness": null,
      "transform_matrix": [
        [
          -0.8610665314231805,
          0.4132717402360637,
          -0.2962615352349265,
          -1.1322654118031183
        ],
        [
          -0.5063145771641111,
          -0.642961334293362,
          0.5746705765602554,
          2.3744464542075603
        ],
        [
          0.04701039724307044,
          0.6448311340121611,
          0.7628779923707047,
          3.1304090711092036
        ],
        [
          0.0,
          0.0,
          0.0,
          1.0
        ]
      ],
      "w": 640.0,
      "h": 480.0,
      "fl_x": 1030.3160899619804,
      "fl_y": 1061.9302450021357,
      "k1": -1.046826818352466,
      "k2": -18.550671083752395,
      "k3": 0,
      "k4": 0,
      "p1": 0.3004618996535164,
      "p2": -0.14189361233924086,
      "cx": 320.0,
      "cy": 240.0,
      "is_fisheye": false,
      "camera_angle_x": 0.6022773046339134,
      "camera_angle_y": 0.44453885094181284,
      "fovx": 34.50794765203822,
      "fovy": 25.470199988561077
    },
    {
      "file_path": "./colmap_output\\images/t90_1_12_33.jpg",
      "sharpness": null,
      "transform_matrix": [
        [
          0.14385881520117236,
          -0.6525719907834443,
          0.7439451849487939,
          5.56008984494215
        ],
        [
          0.9722817442573456,
          -0.04681468977912706,
          -0.22907770431460045,
          -1.777294931506745
        ],
        [
          0.1843172565947331,
          0.7562791691855697,
          0.62774912764678,
          4.69230807249511
        ],
        [
          0.0,
          0.0,
          0.0,
          1.0
        ]
      ],
      "w": 640.0,
      "h": 480.0,
      "fl_x": 1922.631364423704,
      "fl_y": 1722.36762910987,
      "k1": -1.3987370513138162,
      "k2": -59.58604988068407,
      "k3": 0,
      "k4": 0,
      "p1": 0.16150449464721806,
      "p2": 0.1468961482839619,
      "cx": 320.0,
      "cy": 240.0,
      "is_fisheye": false,
      "camera_angle_x": 0.32985345952021244,
      "camera_angle_y": 0.2769031713728449,
      "fovx": 18.899211088297516,
      "fovy": 15.865383053451772
    },
    {
      "file_path": "./colmap_output\\images/t90_1_12_35.jpg",
      "sharpness": null,
      "transform_matrix": [
        [
          -0.11996948061371672,
          -0.6260362207743833,
          0.7705102037445387,
          4.329107751536561
        ],
        [
          0.9760511883285531,
          -0.21624345386498875,
          -0.023724384759771008,
          -0.20226551106436383
        ],
        [
          0.18147011187113965,
          0.7492111978666229,
          0.636986012069852,
          3.5720956744097805
        ],
        [
          0.0,
          0.0,
          0.0,
          1.0
        ]
      ],
      "w": 640.0,
      "h": 480.0,
      "fl_x": 1410.2889563641165,
      "fl_y": 1266.6328689854818,
      "k1": 0.7188002991944928,
      "k2": -53.5446963086027,
      "k3": 0,
      "k4": 0,
      "p1": 0.10982703190098005,
      "p2": 0.19960963847328114,
      "cx": 320.0,
      "cy": 240.0,
      "is_fisheye": false,
      "camera_angle_x": 0.4462516356713546,
      "camera_angle_y": 0.37451760052052685,
      "fovx": 25.56833532477828,
      "fovy": 21.45827786319275
    },
    {
      "file_path": "./colmap_output\\images/t90_1_13_1.jpg",
      "sharpness": null,
      "transform_matrix": [
        [
          -0.41885681701360783,
          -0.5929233696003036,
          0.6877505686640317,
          2.6066248166958177
        ],
        [
          0.8940013090865483,
          -0.4019885080706173,
          0.19790628777269076,
          0.6823228440737388
        ],
        [
          0.15912456201070155,
          0.6977443064741105,
          0.6984498955771865,
          2.6058932487641195
        ],
        [
          0.0,
          0.0,
          0.0,
          1.0
        ]
      ],
      "w": 640.0,
      "h": 480.0,
      "fl_x": 923.753375263413,
      "fl_y": 839.9775464520187,
      "k1": 0.8858108706430978,
      "k2": -14.155061429734944,
      "k3": 0,
      "k4": 0,
      "p1": 0.11101462800452608,
      "p2": 0.1543171794465521,
      "cx": 320.0,
      "cy": 240.0,
      "is_fisheye": false,
      "camera_angle_x": 0.6669510691608758,
      "camera_angle_y": 0.5566134400875118,
      "fovx": 38.21348140465606,
      "fovy": 31.89160093727233
    },
    {
      "file_path": "./colmap_output\\images/t90_1_13_0.jpg",
      "sharpness": null,
      "transform_matrix": [
        [
          -0.2741096448907405,
          -0.6372139701912104,
          0.7202931756206463,
          3.3600806824664144
        ],
        [
          0.947140468648129,
          -0.3087010524313423,
          0.08734181636566789,
          0.34428752713331356
        ],
        [
          0.16669983580312836,
          0.7061600501894935,
          0.688149074215391,
          3.175232131867655
        ],
        [
          0.0,
          0.0,
          0.0,
          1.0
        ]
      ],
      "w": 640.0,
      "h": 480.0,
      "fl_x": 1144.748289850023,
      "fl_y": 1037.9651230072798,
      "k1": 1.5802271857419337,
      "k2": -42.41410647697879,
      "k3": 0,
      "k4": 0,
      "p1": 0.11454467314587792,
      "p2": 0.17874197649060433,
      "cx": 320.0,
      "cy": 240.0,
      "is_fisheye": false,
      "camera_angle_x": 0.5451594293286718,
      "camera_angle_y": 0.454456683772847,
      "fovx": 31.235334462293363,
      "fovy": 26.03844995169562
    },
    {
      "file_path": "./colmap_output\\images/t90_1_13_11.jpg",
      "sharpness": null,
      "transform_matrix": [
        [
          -0.7649010555839715,
          0.5043407449510313,
          -0.4007078589489008,
          -1.5069206403877302
        ],
        [
          -0.6435513302251565,
          -0.5715667296400561,
          0.5090708781135211,
          2.036814044520539
        ],
        [
          0.027713905420157135,
          0.6472649276943317,
          0.7617611521383404,
          3.0128238253603192
        ],
        [
          0.0,
          0.0,
          0.0,
          1.0
        ]
      ],
      "w": 640.0,
      "h": 480.0,
      "fl_x": 976.4653453994271,
      "fl_y": 1015.3772599874075,
      "k1": -1.1923321814230388,
      "k2": -18.577457201166823,
      "k3": 0,
      "k4": 0,
      "p1": 0.26386284995394116,
      "p2": -0.059046115279155355,
      "cx": 320.0,
      "cy": 240.0,
      "is_fisheye": false,
      "camera_angle_x": 0.6333667919578834,
      "camera_angle_y": 0.4642109193945621,
      "fovx": 36.28924406292717,
      "fovy": 26.59732648519606
    },
    {
      "file_path": "./colmap_output\\images/t90_1_13_13.jpg",
      "sharpness": null,
      "transform_matrix": [
        [
          -0.5215143915037609,
          0.6558273422111125,
          -0.5458142877732473,
          -1.6228719936
        ],
        [
          -0.853234522921198,
          -0.3980839511211852,
          0.3369273167382701,
          1.0733817336702771
        ],
        [
          0.003686238399611512,
          0.6414200380015345,
          0.7671810389865544,
          2.3545576545221873
        ],
        [
          0.0,
          0.0,
          0.0,
          1.0
        ]
      ],
      "w": 640.0,
      "h": 480.0,
      "fl_x": 750.9666813096612,
      "fl_y": 760.1624070321443,
      "k1": -1.18153971947953,
      "k2": -0.17423842496702485,
      "k3": 0,
      "k4": 0,
      "p1": 0.17547613211785779,
      "p2": 0.03175244886183509,
      "cx": 320.0,
      "cy": 240.0,
      "is_fisheye": false,
      "camera_angle_x": 0.8056334971714778,
      "camera_angle_y": 0.6116350409357754,
      "fovx": 46.15939922229042,
      "fovy": 35.04410644793126
    },
    {
      "file_path": "./colmap_output\\images/t90_1_13_12.jpg",
      "sharpness": null,
      "transform_matrix": [
        [
          -0.6560118685949886,
          0.5972595910272821,
          -0.46144274754630427,
          -1.522666720552492
        ],
        [
          -0.7538945270943537,
          -0.4894247938318618,
          0.43829945609034154,
          1.5306216477670382
        ],
        [
          0.03593703230893986,
          0.635408807136533,
          0.7713392104684371,
          2.6414299788670625
        ],
        [
          0.0,
          0.0,
          0.0,
          1.0
        ]
      ],
      "w": 640.0,
      "h": 480.0,
      "fl_x": 850.490169962383,
      "fl_y": 862.4274746557068,
      "k1": -1.6314366454724498,
      "k2": 0.3886564108867342,
      "k3": 0,
      "k4": 0,
      "p1": 0.19686315060806528,
      "p2": 0.002048278347450646,
      "cx": 320.0,
      "cy": 240.0,
      "is_fisheye": false,
      "camera_angle_x": 0.7197385515344487,
      "camera_angle_y": 0.542833998422839,
      "fovx": 41.23798135578301,
      "fovy": 31.10209708583986
    },
    {
      "file_path": "./colmap_output\\images/t90_1_13_16.jpg",
      "sharpness": null,
      "transform_matrix": [
        [
          0.10987663833294901,
          0.743697074323554,
          -0.6594253453317396,
          -1.6947454397643515
        ],
        [
          -0.9930724991519266,
          0.054344528187725914,
          -0.10418101407391638,
          -0.21706688934586182
        ],
        [
          -0.04164295609975094,
          0.6663042352972728,
          0.7445163062795257,
          1.9309960451722232
        ],
        [
          0.0,
          0.0,
          0.0,
          1.0
        ]
      ],
      "w": 640.0,
      "h": 480.0,
      "fl_x": 638.5083829410531,
      "fl_y": 627.7108640789238,
      "k1": -0.7914441784127388,
      "k2": 0.449080600820222,
      "k3": 0,
      "k4": 0,
      "p1": 0.11647616587913923,
      "p2": -0.004017949121253892,
      "cx": 320.0,
      "cy": 240.0,
      "is_fisheye": false,
      "camera_angle_x": 0.9291632217158762,
      "camera_angle_y": 0.7303831766300883,
      "fovx": 53.23713108309807,
      "fovy": 41.847873448262206
    },
    {
      "file_path": "./colmap_output\\images/t90_1_13_14.jpg",
      "sharpness": null,
      "transform_matrix": [
        [
          -0.3468465077302468,
          0.7092579801124289,
          -0.6137186796870503,
          -1.837737207805128
        ],
        [
          -0.9377355194586733,
          -0.275277983906959,
          0.21183514139764695,
          0.6993895835665039
        ],
        [
          -0.01869747632576598,
          0.6489800839061449,
          0.7605756077840903,
          2.3362062247419004
        ],
        [
          0.0,
          0.0,
          0.0,
          1.0
        ]
      ],
      "w": 640.0,
      "h": 480.0,
      "fl_x": 751.9685716996365,
      "fl_y": 761.3246066475622,
      "k1": -1.0400729372989328,
      "k2": -0.7625767681775008,
      "k3": 0,
      "k4": 0,
      "p1": 0.1639369415965047,
      "p2": 0.009937987599469261,
      "cx": 320.0,
      "cy": 240.0,
      "is_fisheye": false,
      "camera_angle_x": 0.8046723120609588,
      "camera_angle_y": 0.6107583645622574,
      "fovx": 46.10432737212687,
      "fovy": 34.99387659172985
    },
    {
      "file_path": "./colmap_output\\images/t90_1_13_15.jpg",
      "sharpness": null,
      "transform_matrix": [
        [
          -0.12044476705781468,
          0.7462938995768237,
          -0.6546285004622499,
          -1.8944528549628736
        ],
        [
          -0.991983694298672,
          -0.11587297527664032,
          0.05041630545138426,
          0.20271784252863123
        ],
        [
          -0.038228370851876525,
          0.6554531784477506,
          0.7542676730502708,
          2.220393742553642
        ],
        [
          0.0,
          0.0,
          0.0,
          1.0
        ]
      ],
      "w": 640.0,
      "h": 480.0,
      "fl_x": 729.7491002175251,
      "fl_y": 722.3308083814726,
      "k1": -1.1967564135315496,
      "k2": 1.7313407279052804,
      "k3": 0,
      "k4": 0,
      "p1": 0.13832763926696587,
      "p2": -0.0002565236311513561,
      "cx": 320.0,
      "cy": 240.0,
      "is_fisheye": false,
      "camera_angle_x": 0.8265104934050033,
      "camera_angle_y": 0.6415644116698603,
      "fovx": 47.355562995381945,
      "fovy": 36.7589330744767
    },
    {
      "file_path": "./colmap_output\\images/t90_1_13_17.jpg",
      "sharpness": null,
      "transform_matrix": [
        [
          0.17109407330259255,
          0.735613270092988,
          -0.6554387347559465,
          -1.6595195377586867
        ],
        [
          -0.9840529345800927,
          0.09473944762095787,
          -0.150546534394031,
          -0.3278229701332162
        ],
        [
          -0.04864812478660168,
          0.6707440301651157,
          0.7400917551469705,
          1.8865703471770003
        ],
        [
          0.0,
          0.0,
          0.0,
          1.0
        ]
      ],
      "w": 640.0,
      "h": 480.0,
      "fl_x": 628.0168389868268,
      "fl_y": 615.4570681180176,
      "k1": -0.746347271558631,
      "k2": 0.3856445537022965,
      "k3": 0,
      "k4": 0,
      "p1": 0.10680113562979456,
      "p2": -0.012447569086014425,
      "cx": 320.0,
      "cy": 240.0,
      "is_fisheye": false,
      "camera_angle_x": 0.9425016571385983,
      "camera_angle_y": 0.7436324458867374,
      "fovx": 54.00136713812784,
      "fovy": 42.60700065830063
    },
    {
      "file_path": "./colmap_output\\images/t90_1_13_2.jpg",
      "sharpness": null,
      "transform_matrix": [
        [
          -0.5809857997495179,
          -0.5138885150126177,
          0.6311688321694819,
          1.6728702234797965
        ],
        [
          0.8006681096675078,
          -0.5001860783796899,
          0.32976425695620176,
          0.7904121515634178
        ],
        [
          0.1462397986468798,
          0.6969451062906921,
          0.7020551546659947,
          1.8053356936776508
        ],
        [
          0.0,
          0.0,
          0.0,
          1.0
        ]
      ],
      "w": 640.0,
      "h": 480.0,
      "fl_x": 627.2773579158861,
      "fl_y": 563.8333155697504,
      "k1": 0.6306492444087429,
      "k2": -4.644566110062198,
      "k3": 0,
      "k4": 0,
      "p1": 0.0900225547748373,
      "p2": 0.08692530536551563,
      "cx": 320.0,
      "cy": 240.0,
      "is_fisheye": false,
      "camera_angle_x": 0.9434551711423457,
      "camera_angle_y": 0.8048552098378225,
      "fovx": 54.05599946624919,
      "fovy": 46.11480664282349
    },
    {
      "file_path": "./colmap_output\\images/t90_1_13_18.jpg",
      "sharpness": null,
      "transform_matrix": [
        [
          0.300846674814151,
          0.6953606941564576,
          -0.6526597761086286,
          -1.615262895849184
        ],
        [
          -0.9526494607876591,
          0.18743290945233962,
          -0.23943247341261525,
          -0.5412219433991974
        ],
        [
          -0.044162010197240836,
          0.6937884472563928,
          0.7188235579005604,
          1.7904005136259984
        ],
        [
          0.0,
          0.0,
          0.0,
          1.0
        ]
      ],
      "w": 640.0,
      "h": 480.0,
      "fl_x": 612.3527752294482,
      "fl_y": 595.4019634113895,
      "k1": -0.5220810815505611,
      "k2": -0.14698929692475876,
      "k3": 0,
      "k4": 0,
      "p1": 0.09251761874766422,
      "p2": -0.029651368418110325,
      "cx": 320.0,
      "cy": 240.0,
      "is_fisheye": false,
      "camera_angle_x": 0.9630875062542974,
      "camera_angle_y": 0.7663329887468766,
      "fovx": 55.18084941015052,
      "fovy": 43.90764595684244
    },
    {
      "file_path": "./colmap_output\\images/t90_1_13_20.jpg",
      "sharpness": null,
      "transform_matrix": [
        [
          0.5762580766871608,
          0.5834393785787466,
          -0.5722981047068983,
          -1.6350254727373998
        ],
        [
          -0.8162307585722548,
          0.3755976460373991,
          -0.43896897049904976,
          -1.193514638373489
        ],
        [
          -0.04115796240374177,
          0.7200867307995009,
          0.6926623436719922,
          1.9666915097267126
        ],
        [
          0.0,
          0.0,
          0.0,
          1.0
        ]
      ],
      "w": 640.0,
      "h": 480.0,
      "fl_x": 719.8600996284113,
      "fl_y": 685.8318076033464,
      "k1": -0.9400326276928386,
      "k2": 1.0946943246675285,
      "k3": 0,
      "k4": 0,
      "p1": 0.09045281843421464,
      "p2": -0.05765247114362548,
      "cx": 320.0,
      "cy": 240.0,
      "is_fisheye": false,
      "camera_angle_x": 0.8365929097508773,
      "camera_angle_y": 0.6732427773506713,
      "fovx": 47.93324289929425,
      "fovy": 38.573969729859236
    },
    {
      "file_path": "./colmap_output\\images/t90_1_13_19.jpg",
      "sharpness": null,
      "transform_matrix": [
        [
          0.44799489803126036,
          0.6452616900457779,
          -0.6188197821432945,
          -1.50286093309326
        ],
        [
          -0.8925743353910879,
          0.2832423441768917,
          -0.3508344770338375,
          -0.7956971588980708
        ],
        [
          -0.051104081859880426,
          0.7095147115380338,
          0.7028351492436026,
          1.7067204962107316
        ],
        [
          0.0,
          0.0,
          0.0,
          1.0
        ]
      ],
      "w": 640.0,
      "h": 480.0,
      "fl_x": 605.439050010742,
      "fl_y": 581.4942995389935,
      "k1": -0.6590636579614791,
      "k2": 0.5123690165723821,
      "k3": 0,
      "k4": 0,
      "p1": 0.08012870447116736,
      "p2": -0.04450900549491156,
      "cx": 320.0,
      "cy": 240.0,
      "is_fisheye": false,
      "camera_angle_x": 0.9724393483012792,
      "camera_angle_y": 0.7828638182326586,
      "fovx": 55.716670490115554,
      "fovy": 44.85479271822816
    },
    {
      "file_path": "./colmap_output\\images/t90_1_13_22.jpg",
      "sharpness": null,
      "transform_matrix": [
        [
          0.8285116409489314,
          0.38452702726721527,
          -0.4070717703155004,
          -1.2415243831431078
        ],
        [
          -0.559264053332273,
          0.5316730216749408,
          -0.636040499247229,
          -1.835790005638551
        ],
        [
          -0.028145684234882885,
          0.75462756600509,
          0.6555494315214542,
          1.947196780579724
        ],
        [
          0.0,
          0.0,
          0.0,
          1.0
        ]
      ],
      "w": 640.0,
      "h": 480.0,
      "fl_x": 768.3776286384968,
      "fl_y": 713.3842184757547,
      "k1": -0.6187143020789682,
      "k2": 0.8183742937696664,
      "k3": 0,
      "k4": 0,
      "p1": 0.04429784035883966,
      "p2": -0.12364442136366126,
      "cx": 320.0,
      "cy": 240.0,
      "is_fisheye": false,
      "camera_angle_x": 0.7892332467154388,
      "camera_angle_y": 0.649060218181899,
      "fovx": 45.21973408820188,
      "fovy": 37.18841115166319
    },
    {
      "file_path": "./colmap_output\\images/t90_1_13_21.jpg",
      "sharpness": null,
      "transform_matrix": [
        [
          0.7125693822402277,
          0.4952526377224654,
          -0.4969604616037052,
          -1.4378015833686497
        ],
        [
          -0.7003577472594147,
          0.45994275531402024,
          -0.5458495101189835,
          -1.496666557003957
        ],
        [
          -0.04176004569380652,
          0.7370057575873854,
          0.6745951466995692,
          1.9194000081000302
        ],
        [
          0.0,
          0.0,
          0.0,
